 Z      n = 1      n = 2      n = 3      n = 4      n = 5      n = 6      n = 7      n = 8
 1     -13.60      -3.40      -1.51      -0.85      -0.54      -0.38      -0.28      -0.21
 2     -54.40     -13.60      -6.04      -3.40      -2.18      -1.51      -1.11      -0.85
 3    -122.40     -30.60     -13.60      -7.65      -4.90      -3.40      -2.50      -1.91
 4    -217.60     -54.40     -24.18     -13.60      -8.70      -6.04      -4.44      -3.40
 5    -340.00     -85.00     -37.78     -21.25     -13.60      -9.44      -6.94      -5.31
 6    -489.60    -122.40     -54.40     -30.60     -19.58     -13.60      -9.99      -7.65
 7    -666.40    -166.60     -74.04     -41.65     -26.66     -18.51     -13.60     -10.41
 8    -870.40    -217.60     -96.71     -54.40     -34.82     -24.18     -17.76     -13.60
 9   -1101.60    -275.40    -122.40     -68.85     -44.06     -30.60     -22.48     -17.21
10   -1360.00    -340.00    -151.11     -85.00     -54.40     -37.78     -27.76     -21.25
11   -1645.60    -411.40    -182.84    -102.85     -65.82     -45.71     -33.58     -25.71
12   -1958.40    -489.60    -217.60    -122.40     -78.34     -54.40     -39.97     -30.60
13   -2298.40    -574.60    -255.38    -143.65     -91.94     -63.84     -46.91     -35.91
14   -2665.60    -666.40    -296.18    -166.60    -106.62     -74.04     -54.40     -41.65
15   -3060.00    -765.00    -340.00    -191.25    -122.40     -85.00     -62.45     -47.81
16   -3481.60    -870.40    -386.84    -217.60    -139.26     -96.71     -71.05     -54.40
17   -3930.40    -982.60    -436.71    -245.65    -157.22    -109.18     -80.21     -61.41
18   -4406.40   -1101.60    -489.60    -275.40    -176.26    -122.40     -89.93     -68.85
19   -4909.60   -1227.40    -545.51    -306.85    -196.38    -136.38    -100.20     -76.71
20   -5440.00   -1360.00    -604.44    -340.00    -217.60    -151.11    -111.02     -85.00
21   -5997.60   -1499.40    -666.40    -374.85    -239.90    -166.60    -122.40     -93.71
22   -6582.40   -1645.60    -731.38    -411.40    -263.30    -182.84    -134.33    -102.85
23   -7194.40   -1798.60    -799.38    -449.65    -287.78    -199.84    -146.82    -112.41
24   -7833.60   -1958.40    -870.40    -489.60    -313.34    -217.60    -159.87    -122.40
25   -8500.00   -2125.00    -944.44    -531.25    -340.00    -236.11    -173.47    -132.81
26   -9193.60   -2298.40   -1021.51    -574.60    -367.74    -255.38    -187.62    -143.65
27   -9914.40   -2478.60   -1101.60    -619.65    -396.58    -275.40    -202.33    -154.91
28  -10662.40   -2665.60   -1184.71    -666.40    -426.50    -296.18    -217.60    -166.60
29  -11437.60   -2859.40   -1270.84    -714.85    -457.50    -317.71    -233.42    -178.71
30  -12240.00   -3060.00   -1360.00    -765.00    -489.60    -340.00    -249.80    -191.25
31  -13069.60   -3267.40   -1452.18    -816.85    -522.78    -363.04    -266.73    -204.21
32  -13926.40   -3481.60   -1547.38    -870.40    -557.06    -386.84    -284.21    -217.60
33  -14810.40   -3702.60   -1645.60    -925.65    -592.42    -411.40    -302.25    -231.41
34  -15721.60   -3930.40   -1746.84    -982.60    -628.86    -436.71    -320.85    -245.65
35  -16660.00   -4165.00   -1851.11   -1041.25    -666.40    -462.78    -340.00    -260.31
36  -17625.60   -4406.40   -1958.40   -1101.60    -705.02    -489.60    -359.71    -275.40
37  -18618.40   -4654.60   -2068.71   -1163.65    -744.74    -517.18    -379.97    -290.91
38  -19638.40   -4909.60   -2182.04   -1227.40    -785.54    -545.51    -400.78    -306.85
39  -20685.60   -5171.40   -2298.40   -1292.85    -827.42    -574.60    -422.16    -323.21
40  -21760.00   -5440.00   -2417.78   -1360.00    -870.40    -604.44    -444.08    -340.00
41  -22861.60   -5715.40   -2540.18   -1428.85    -914.46    -635.04    -466.56    -357.21
42  -23990.40   -5997.60   -2665.60   -1499.40    -959.62    -666.40    -489.60    -374.85
43  -25146.40   -6286.60   -2794.04   -1571.65   -1005.86    -698.51    -513.19    -392.91
44  -26329.60   -6582.40   -2925.51   -1645.60   -1053.18    -731.38    -537.34    -411.40
45  -27540.00   -6885.00   -3060.00   -1721.25   -1101.60    -765.00    -562.04    -430.31
46  -28777.60   -7194.40   -3197.51   -1798.60   -1151.10    -799.38    -587.30    -449.65
47  -30042.40   -7510.60   -3338.04   -1877.65   -1201.70    -834.51    -613.11    -469.41
48  -31334.40   -7833.60   -3481.60   -1958.40   -1253.38    -870.40    -639.48    -489.60
49  -32653.60   -8163.40   -3628.18   -2040.85   -1306.14    -907.04    -666.40    -510.21
50  -34000.00   -8500.00   -3777.78   -2125.00   -1360.00    -944.44    -693.88    -531.25
51  -35373.60   -8843.40   -3930.40   -2210.85   -1414.94    -982.60    -721.91    -552.71
52  -36774.40   -9193.60   -4086.04   -2298.40   -1470.98   -1021.51    -750.50    -574.60
53  -38202.40   -9550.60   -4244.71   -2387.65   -1528.10   -1061.18    -779.64    -596.91
54  -39657.60   -9914.40   -4406.40   -2478.60   -1586.30   -1101.60    -809.34    -619.65
55  -41140.00  -10285.00   -4571.11   -2571.25   -1645.60   -1142.78    -839.59    -642.81
56  -42649.60  -10662.40   -4738.84   -2665.60   -1705.98   -1184.71    -870.40    -666.40
57  -44186.40  -11046.60   -4909.60   -2761.65   -1767.46   -1227.40    -901.76    -690.41
58  -45750.40  -11437.60   -5083.38   -2859.40   -1830.02   -1270.84    -933.68    -714.85
59  -47341.60  -11835.40   -5260.18   -2958.85   -1893.66   -1315.04    -966.16    -739.71
60  -48960.00  -12240.00   -5440.00   -3060.00   -1958.40   -1360.00    -999.18    -765.00
61  -50605.60  -12651.40   -5622.84   -3162.85   -2024.22   -1405.71   -1032.77    -790.71
62  -52278.40  -13069.60   -5808.71   -3267.40   -2091.14   -1452.18   -1066.91    -816.85
63  -53978.40  -13494.60   -5997.60   -3373.65   -2159.14   -1499.40   -1101.60    -843.41
64  -55705.60  -13926.40   -6189.51   -3481.60   -2228.22   -1547.38   -1136.85    -870.40
65  -57460.00  -14365.00   -6384.44   -3591.25   -2298.40   -1596.11   -1172.65    -897.81
66  -59241.60  -14810.40   -6582.40   -3702.60   -2369.66   -1645.60   -1209.01    -925.65
67  -61050.40  -15262.60   -6783.38   -3815.65   -2442.02   -1695.84   -1245.93    -953.91
68  -62886.40  -15721.60   -6987.38   -3930.40   -2515.46   -1746.84   -1283.40    -982.60
69  -64749.60  -16187.40   -7194.40   -4046.85   -2589.98   -1798.60   -1321.42   -1011.71
70  -66640.00  -16660.00   -7404.44   -4165.00   -2665.60   -1851.11   -1360.00   -1041.25
71  -68557.60  -17139.40   -7617.51   -4284.85   -2742.30   -1904.38   -1399.13   -1071.21
72  -70502.40  -17625.60   -7833.60   -4406.40   -2820.10   -1958.40   -1438.82   -1101.60
73  -72474.40  -18118.60   -8052.71   -4529.65   -2898.98   -2013.18   -1479.07   -1132.41
74  -74473.60  -18618.40   -8274.84   -4654.60   -2978.94   -2068.71   -1519.87   -1163.65
75  -76500.00  -19125.00   -8500.00   -4781.25   -3060.00   -2125.00   -1561.22   -1195.31
76  -78553.60  -19638.40   -8728.18   -4909.60   -3142.14   -2182.04   -1603.13   -1227.40
77  -80634.40  -20158.60   -8959.38   -5039.65   -3225.38   -2239.84   -1645.60   -1259.91
78  -82742.40  -20685.60   -9193.60   -5171.40   -3309.70   -2298.40   -1688.62   -1292.85
79  -84877.60  -21219.40   -9430.84   -5304.85   -3395.10   -2357.71   -1732.20   -1326.21
80  -87040.00  -21760.00   -9671.11   -5440.00   -3481.60   -2417.78   -1776.33   -1360.00
81  -89229.60  -22307.40   -9914.40   -5576.85   -3569.18   -2478.60   -1821.01   -1394.21
82  -91446.40  -22861.60  -10160.71   -5715.40   -3657.86   -2540.18   -1866.25   -1428.85
83  -93690.40  -23422.60  -10410.04   -5855.65   -3747.62   -2602.51   -1912.05   -1463.91
84  -95961.60  -23990.40  -10662.40   -5997.60   -3838.46   -2665.60   -1958.40   -1499.40
85  -98260.00  -24565.00  -10917.78   -6141.25   -3930.40   -2729.44   -2005.31   -1535.31
86 -100585.60  -25146.40  -11176.18   -6286.60   -4023.42   -2794.04   -2052.77   -1571.65
87 -102938.40  -25734.60  -11437.60   -6433.65   -4117.54   -2859.40   -2100.78   -1608.41
88 -105318.40  -26329.60  -11702.04   -6582.40   -4212.74   -2925.51   -2149.36   -1645.60
89 -107725.60  -26931.40  -11969.51   -6732.85   -4309.02   -2992.38   -2198.48   -1683.21
90 -110160.00  -27540.00  -12240.00   -6885.00   -4406.40   -3060.00   -2248.16   -1721.25
91 -112621.60  -28155.40  -12513.51   -7038.85   -4504.86   -3128.38   -2298.40   -1759.71
92 -115110.40  -28777.60  -12790.04   -7194.40   -4604.42   -3197.51   -2349.19   -1798.60
